v1= 10 : 10 : 80;
f=[25 70 280 550 610 1220 830 1450];
v=[v1; f];  